[gd_scene format=3 uid="uid://btqbusor2ifgk"]

[ext_resource type="Material" uid="uid://bqojwc168v4eo" path="res://assets/batch_exports/dungeonwalls/Dungeonwall.tres" id="1_2ayn4"]
[ext_resource type="PackedScene" uid="uid://b3ik2bwecsbva" path="res://assets/batch_exports/dungeonwalls/Light.tscn" id="1_oalga"]
[ext_resource type="PackedScene" uid="uid://bf7havo7wf07d" path="res://assets/batch_exports/ship/escapepod.gltf" id="2_47yog"]
[ext_resource type="PackedScene" uid="uid://dbi28u8ytw1e2" path="res://Scenes/Entities/old/Bob.tscn" id="3_730ue"]
[ext_resource type="PackedScene" uid="uid://cgv3ggu25ffs1" path="res://Scenes/Entities/old/Farmer.tscn" id="4_7vtrp"]
[ext_resource type="PackedScene" uid="uid://0ditxd0bw80v" path="res://Scenes/Entities/old/DualDoor.tscn" id="5_7vtrp"]
[ext_resource type="PackedScene" uid="uid://dqh0kwyoy2mw0" path="res://Scenes/Entities/old/NewBurger.tscn" id="6_7fqh0"]
[ext_resource type="PackedScene" uid="uid://mf8hry3h34j7" path="res://Scenes/Entities/old/BobTrigger.tscn" id="7_w1y05"]
[ext_resource type="Script" uid="uid://cf1iwf2dox26n" path="res://Game/Entities/LevelTransitioner.cs" id="9_yy7in"]

[sub_resource type="Environment" id="Environment_730ue"]
tonemap_mode = 4
tonemap_exposure = 3.3
tonemap_agx_white = 4.25
tonemap_agx_contrast = 1.51
ssao_enabled = true
ssao_radius = 2.85
ssao_intensity = 16.0
ssao_horizon = 0.03
sdfgi_use_occlusion = true
glow_enabled = true

[sub_resource type="CompressedTexture2D" id="CompressedTexture2D_d3mic"]
load_path = "res://.godot/imported/Ucupaint Cube Color.png-95e0068dabd638f95186fab89449fd06.s3tc.ctex"

[sub_resource type="CompressedTexture2D" id="CompressedTexture2D_oalga"]
load_path = "res://.godot/imported/Ucupaint Cube Normal.png-b0db1af90eb2d2106e6261944a75e0a1.s3tc.ctex"

[sub_resource type="StandardMaterial3D" id="StandardMaterial3D_47yog"]
resource_name = "Cube"
cull_mode = 2
albedo_texture = SubResource("CompressedTexture2D_d3mic")
normal_enabled = true
normal_texture = SubResource("CompressedTexture2D_oalga")
uv1_scale = Vector3(0.25, 0.25, 0.25)
uv1_triplanar = true

[sub_resource type="TextMesh" id="TextMesh_730ue"]
text = "WASD to move"
font_size = 42

[sub_resource type="TextMesh" id="TextMesh_7fqh0"]
text = "Space to jump"
font_size = 42

[sub_resource type="StandardMaterial3D" id="StandardMaterial3D_730ue"]
emission_enabled = true
emission = Color(0.5370113, 0.5370113, 0.5370113, 1)
emission_energy_multiplier = 2.8

[sub_resource type="TextMesh" id="TextMesh_7vtrp"]
material = SubResource("StandardMaterial3D_730ue")
text = "Space to jump"
font_size = 42

[sub_resource type="StandardMaterial3D" id="StandardMaterial3D_w1y05"]
emission_enabled = true
emission = Color(0.4506483, 0.4506483, 0.45064825, 1)
emission_energy_multiplier = 0.0

[sub_resource type="TextMesh" id="TextMesh_w1y05"]
material = SubResource("StandardMaterial3D_w1y05")
text = "Legend says Bob will help
you if you stand on a button."

[sub_resource type="StandardMaterial3D" id="StandardMaterial3D_uhnhe"]
resource_local_to_scene = true
albedo_color = Color(1, 0.16000003, 0.16000003, 1)

[sub_resource type="StandardMaterial3D" id="StandardMaterial3D_7vtrp"]
emission_enabled = true
emission = Color(0.4506483, 0.4506483, 0.45064825, 1)
emission_energy_multiplier = 0.0

[sub_resource type="TextMesh" id="TextMesh_2ayn4"]
material = SubResource("StandardMaterial3D_7vtrp")
text = "Left mouse to
shoot cheese."

[sub_resource type="StandardMaterial3D" id="StandardMaterial3D_yy7in"]
albedo_color = Color(0.89, 0.62833995, 0.14240003, 1)
emission_enabled = true
emission = Color(0.4506483, 0.4506483, 0.45064825, 1)
emission_energy_multiplier = 0.0

[sub_resource type="TextMesh" id="TextMesh_uhnhe"]
material = SubResource("StandardMaterial3D_yy7in")
text = "WARNING
DO NOT ENTER"

[sub_resource type="BoxShape3D" id="BoxShape3D_yy7in"]
size = Vector3(3.35, 1.82, 4.165)

[node name="Level0" type="Node3D" unique_id=589171165]

[node name="WorldEnvironment" type="WorldEnvironment" parent="." unique_id=1469195871]
environment = SubResource("Environment_730ue")

[node name="CSGCombiner3D" type="CSGCombiner3D" parent="." unique_id=762411692]
use_collision = true

[node name="CSGBox3D2" type="CSGBox3D" parent="CSGCombiner3D" unique_id=237020144]
transform = Transform3D(1, 0, 0, 0, 1, 0, 0, 0, 1, 0, 1.0192384, 0.5)
size = Vector3(14.286865, 9.85332, 12.625977)
material = SubResource("StandardMaterial3D_47yog")

[node name="CSGBox3D3" type="CSGBox3D" parent="CSGCombiner3D" unique_id=1750871903]
transform = Transform3D(0.99156743, 0, 0.12959172, 0, 1, 0, -0.12959172, 0, 0.99156743, 19.355556, 1.0192384, -11.743208)
size = Vector3(14.286865, 9.85332, 36.021484)
material = SubResource("StandardMaterial3D_47yog")

[node name="CSGBox3D4" type="CSGBox3D" parent="CSGCombiner3D/CSGBox3D3" unique_id=2086454724]
transform = Transform3D(0.99997187, 0, 0.0075048357, 0, 1, 0, -0.0075048357, 0, 0.99997187, 0.052988052, -0.27094734, -0.04686451)
operation = 2
size = Vector3(12.339355, 8.503418, 33.18164)
material = SubResource("StandardMaterial3D_47yog")

[node name="CSGBox3D" type="CSGBox3D" parent="CSGCombiner3D" unique_id=518022102]
transform = Transform3D(1, 0, 0, 0, 1, 0, 0, 0, 1, 0, 0.748291, 0.5)
operation = 2
size = Vector3(12.314453, 8.503418, 10.177734)
material = SubResource("StandardMaterial3D_47yog")

[node name="CSGPolygon3D" type="CSGPolygon3D" parent="CSGCombiner3D" unique_id=1742579524]
transform = Transform3D(1, 0, 0, 0, 1, 0, 0, 0, 1, 0, -3.2828894, 6.1338673)
polygon = PackedVector2Array(-2, 0, -1, 1, 2, 1, 3, 0, 0, 0)
depth = 12.17
material = SubResource("StandardMaterial3D_47yog")

[node name="CSGPolygon3D2" type="CSGPolygon3D" parent="CSGCombiner3D" unique_id=650687087]
transform = Transform3D(-0.4137878, 0.9103734, 0, -0.9103734, -0.4137878, 0, 0, 0, 1, -5.8630657, 4.4291186, 6.1338673)
polygon = PackedVector2Array(-1.7035406, -0.29188156, -3.925969, 5.244046, 2, 1, 3.7170844, -0.66493225, 0.5330832, -1.3864527)
depth = 12.17
material = SubResource("StandardMaterial3D_47yog")

[node name="CSGPolygon3D4" type="CSGPolygon3D" parent="CSGCombiner3D" unique_id=264250479]
transform = Transform3D(0.5605089, 0, -0.82814837, 0, 1, 0, 0.82814837, 0, 0.5605089, 4.6321125, -3.2828894, -2.787945)
polygon = PackedVector2Array(-3.2798424, -0.057469845, -6.9197063, 6.5670204, 1.9977636, 7.3691645, 4.487797, -0.42855668, 0, 0)
depth = 12.17
material = SubResource("StandardMaterial3D_47yog")

[node name="CSGPolygon3D3" type="CSGPolygon3D" parent="CSGCombiner3D" unique_id=2128044050]
transform = Transform3D(0.5605089, 0, -0.82814837, 0, 1, 0, 0.82814837, 0, 0.5605089, 4.0823913, -3.2828894, -2.4158816)
operation = 2
polygon = PackedVector2Array(-2, 0, -1.5560272, 3.291024, 1.8178818, 3.9446738, 3, 0, 0, 0)
depth = 13.61
material = SubResource("StandardMaterial3D_47yog")

[node name="CSGBox3D4" type="CSGBox3D" parent="CSGCombiner3D" unique_id=1115200216]
transform = Transform3D(0.6631036, 0, -0.74852765, 0, 1, 0, 0.74852765, 0, 0.6631036, 11.2215805, 1.4020567, 18.932882)
size = Vector3(14.286865, 9.85332, 71.918335)
material = SubResource("StandardMaterial3D_47yog")

[node name="CSGBox3D6" type="CSGBox3D" parent="CSGCombiner3D" unique_id=1205590737]
transform = Transform3D(0.6687024, 0, -0.7435302, 0, 1, 0, 0.7435302, 0, 0.6687024, 23.055412, 1.0237751, -1.4349983)
operation = 2
size = Vector3(4.5372925, 8.718086, 7.472412)
material = SubResource("StandardMaterial3D_47yog")

[node name="CSGBox3D7" type="CSGBox3D" parent="CSGCombiner3D" unique_id=1856328988]
transform = Transform3D(-0.71475035, 0.2223189, -0.6631035, 0.29700825, 0.95487493, 0, 0.6331809, -0.19694723, -0.74852765, -1.5487951, 1.4020567, 44.214104)
size = Vector3(14.286865, 9.85332, 36.880783)
material = SubResource("StandardMaterial3D_47yog")

[node name="CSGBox3D5" type="CSGBox3D" parent="CSGCombiner3D" unique_id=985907395]
transform = Transform3D(0.6687025, 0, -0.7435301, 0, 1, 0, 0.7435301, 0, 0.6687025, 11.203372, 1.1311092, 19.202158)
operation = 2
size = Vector3(12.339355, 8.503418, 69.55762)
material = SubResource("StandardMaterial3D_47yog")

[node name="CSGBox3D8" type="CSGBox3D" parent="CSGCombiner3D" unique_id=1911799840]
transform = Transform3D(-0.71475035, 0.2223189, -0.6631035, 0.29700825, 0.95487493, 0, 0.6331809, -0.19694723, -0.74852765, -1.8255485, 0.18797162, 44.146534)
operation = 2
size = Vector3(13.456055, 6.7197266, 33.23584)
material = SubResource("StandardMaterial3D_47yog")

[node name="CSGBox3D9" type="CSGBox3D" parent="CSGCombiner3D" unique_id=926988373]
transform = Transform3D(0.88751805, -0.46077302, 0, 0.46077302, 0.88751805, 0, 0, 0, 0.99999994, 4.59767, 2.6535149, 31.602264)
size = Vector3(9.214478, 13.221664, 5.852539)
material = SubResource("StandardMaterial3D_47yog")

[node name="CSGBox3D10" type="CSGBox3D" parent="CSGCombiner3D" unique_id=2128291080]
transform = Transform3D(0.38824248, -0.84508795, 0.367552, -0.28304422, 0.2702113, 0.9202564, -0.8770142, -0.4613161, -0.13428976, 8.711552, -3.2471678, 18.572165)
size = Vector3(5.937805, 18.185177, 5.602585)
material = SubResource("StandardMaterial3D_47yog")

[node name="CSGBox3D11" type="CSGBox3D" parent="CSGCombiner3D" unique_id=1275997568]
transform = Transform3D(1, 0, 0, 0, 1, 0, 0, 0, 1, -5.170911, -6.849082, 0.5)
size = Vector3(12.314453, 8.503418, 10.177734)
material = SubResource("StandardMaterial3D_47yog")

[node name="CSGCylinder3D" type="CSGCylinder3D" parent="CSGCombiner3D" unique_id=1113256616]
transform = Transform3D(1, 0, 0, 0, 1, 0, 0, 0, 1, -4.492361, -4.9902344, 0)
operation = 2
radius = 1.6660156
height = 11.980469
material = ExtResource("1_2ayn4")

[node name="Light" parent="." unique_id=1543946459 instance=ExtResource("1_oalga")]
transform = Transform3D(1, 0, 0, 0, 1, 0, 0, 0, 1, 0.41864645, 4.6496763, -0.3958578)

[node name="Light2" parent="." unique_id=471629441 instance=ExtResource("1_oalga")]
transform = Transform3D(1, 0, 0, 0, -0.3202823, 0.94732213, 0, -0.94732213, -0.3202823, 14.820163, -3.7677753, -13.281908)

[node name="OmniLight3D" parent="Light2" index="0" unique_id=803781533]
light_color = Color(0.97, 0.46883336, 0, 1)

[node name="Light4" parent="." unique_id=1411729737 instance=ExtResource("1_oalga")]
transform = Transform3D(1, 0, 0, 0, -0.3202823, 0.94732213, 0, -0.94732213, -0.3202823, 37.603622, -3.1594896, 0.15386714)

[node name="OmniLight3D" parent="Light4" index="0" unique_id=803781533]
light_color = Color(0.97, 0.46883336, 0, 1)

[node name="Cylinder" parent="Light4/Cylinder2" parent_id_path=PackedInt32Array(1411729737, 1273999705) index="0" unique_id=1111109450]
transform = Transform3D(1, 0, 0, 0, 0.8814765, -0.47222775, 0, 0.47222775, 0.8814765, 0, -3.8963437, -0.73955745)

[node name="Cube" parent="Light4/Cylinder2/Cylinder" index="0" unique_id=1391530660]
transform = Transform3D(1, 0, 0, 0, 1, 0, 0, 0, 1, 0, 6, -3.6506383)

[node name="Torus" parent="Light4/Cylinder2/Cylinder" index="1" unique_id=873467295]
transform = Transform3D(1, 0, 0, 0, 1, 0, 0, 0, 1, 0, 2, -2.205458)

[node name="Light3" parent="." unique_id=161343686 instance=ExtResource("1_oalga")]
transform = Transform3D(-0.9864894, 0.104062244, -0.12652981, -0.16382533, -0.6266204, 0.76191086, -1.4901161e-08, 0.7723457, 0.6352024, 1.5094829, -3.5469806, 36.0756)

[node name="Light5" parent="." unique_id=1176242298 instance=ExtResource("1_oalga")]
transform = Transform3D(0.22466528, -0.95748734, 0.18095176, -0.17380814, 0.14334506, 0.974291, -0.95881003, -0.25034016, -0.13421449, -9.54143, -4.659957, 28.813757)

[node name="escapepod2" parent="." unique_id=447481087 instance=ExtResource("2_47yog")]
transform = Transform3D(0.05503361, 0, 0.01702838, 0, 0.05760785, 0, -0.01702838, 0, 0.05503361, -1.6466782, -2.856326, 44.31487)

[node name="Farmer" parent="." unique_id=483625553 instance=ExtResource("4_7vtrp")]
transform = Transform3D(0.26326707, 0, -0.964723, 0, 1, 0, 0.964723, 0, 0.26326707, -9.111822, -2.5723567, 40.03473)

[node name="Bob" parent="." unique_id=54794360 node_paths=PackedStringArray("playerToFollow") instance=ExtResource("3_730ue")]
transform = Transform3D(1, 0, 0, 0, 1, 0, 0, 0, 1, -11.711714, -3.120597, 39.692833)
contact_monitor = false
max_contacts_reported = 0
playerToFollow = NodePath("../Farmer")

[node name="MeshInstance3D" type="MeshInstance3D" parent="." unique_id=1726079520]
transform = Transform3D(4.3523087e-08, -0.73019624, -1.2647369, 0, 1.2647369, -0.73019624, 1.4603925, 2.1761544e-08, 3.7692097e-08, -0.64309937, 2.6685472, 31.759256)
mesh = SubResource("TextMesh_730ue")

[node name="MeshInstance3D2" type="MeshInstance3D" parent="." unique_id=488629745]
transform = Transform3D(4.3523087e-08, -0.73019624, -1.2647369, 0, 1.2647369, -0.73019624, 1.4603925, 2.1761544e-08, 3.7692097e-08, 0.05968228, 1.3006848, 31.71171)
mesh = SubResource("TextMesh_7fqh0")

[node name="MeshInstance3D3" type="MeshInstance3D" parent="." unique_id=604402788]
transform = Transform3D(0.81145537, 0.32703802, -0.4252017, -0.266837, 0.91497266, 0.19450699, 0.4653478, -0.045618013, 0.8529834, 11.822051, -1.3141739, 22.725828)
mesh = SubResource("TextMesh_7vtrp")

[node name="Node3D" parent="." unique_id=1525562943 instance=ExtResource("5_7vtrp")]
transform = Transform3D(-3.3704693, 0, -2.653345, 0, 4.289557, 0, 2.653345, 0, -3.3704693, 23.468481, -3.1205873, -1.0686831)

[node name="MeshInstance3D2" type="MeshInstance3D" parent="Node3D/AnimatableBody" parent_id_path=PackedInt32Array(1525562943, 22827499) index="2" unique_id=1730667950]
transform = Transform3D(-0.59540766, 0, 0, 0, 0.59540766, 0, 0, 0, -0.59540766, 0.017714024, 0, -0.084183455)
mesh = SubResource("TextMesh_w1y05")

[node name="Area3D" parent="Node3D" index="2" unique_id=1093732334]
transform = Transform3D(3.0788147, 0, 9.175583e-08, 0, 3.0788147, 0, -9.175583e-08, 0, 3.0788147, 21.29237, -3.3355145, 5.030096)

[node name="MeshInstance3D3" parent="Node3D/Area3D" index="1" unique_id=2130834328]
surface_material_override/0 = SubResource("StandardMaterial3D_uhnhe")

[node name="Area3D2" parent="Node3D" index="3" unique_id=67594109]
transform = Transform3D(3.1294038, 0, 9.32635e-08, 0, 3.1294038, 0, -9.32635e-08, 0, 3.1294038, 29.071993, -3.3385296, -2.0714457)

[node name="MeshInstance3D3" parent="Node3D/Area3D2" index="1" unique_id=701217067]
surface_material_override/0 = SubResource("StandardMaterial3D_uhnhe")

[node name="NewBurger" parent="." unique_id=941241180 node_paths=PackedStringArray("playerToFollow") instance=ExtResource("6_7fqh0")]
transform = Transform3D(1, 0, 0, 0, 1, 0, 0, 0, 1, 6.078856, -2.7204838, -3.1941113)
collision_layer = 1
collision_mask = 1
playerToFollow = NodePath("../Farmer")

[node name="MeshInstance3D4" type="MeshInstance3D" parent="." unique_id=2045036088]
transform = Transform3D(-0.41167378, 0, 3.5155318, 0, 3.539553, 0, -3.5155318, 0, -0.41167378, 12.834929, -1.130275, -14.228485)
mesh = SubResource("TextMesh_2ayn4")
skeleton = NodePath("../Node3D/AnimatableBody")

[node name="MeshInstance3D5" type="MeshInstance3D" parent="." unique_id=2009275035]
transform = Transform3D(-0.002038598, 0, 3.539553, 0, 3.539553, 0, -3.539553, 0, -0.002038598, -6.221452, -0.2605586, -0.029411934)
mesh = SubResource("TextMesh_uhnhe")
skeleton = NodePath("../Node3D/AnimatableBody")

[node name="NewBurger2" parent="." unique_id=1306252785 node_paths=PackedStringArray("playerToFollow") instance=ExtResource("6_7fqh0")]
transform = Transform3D(1, 0, 0, 0, 1, 0, 0, 0, 1, 14.460447, -2.5410094, -9.638219)
collision_layer = 1
collision_mask = 1
playerToFollow = NodePath("../Farmer")

[node name="BobTrigger" parent="." unique_id=760553805 instance=ExtResource("7_w1y05")]
transform = Transform3D(1, 0, 0, 0, 1, 0, 0, 0, 1, -11.426214, -2.6205971, 38.70434)
Dialogue = "That was a pretty bad crash. Where are we? 
This looks like some sort of ancient temple or something..."

[node name="BobTrigger2" parent="." unique_id=1008142765 instance=ExtResource("7_w1y05")]
transform = Transform3D(1, 0, 0, 0, 1, 0, 0, 0, 1, 20.530764, -2.6205976, 10.378297)
Dialogue = "Wait, I kind of recognize these inscriptions, is it some Burger-dialect? I think it's telling us to stand on the buttons."

[node name="BobTrigger3" parent="." unique_id=197740610 instance=ExtResource("7_w1y05")]
transform = Transform3D(1, 0, 0, 0, 1, 0, 0, 0, 1, 21.064571, -3.0034199, -6.138863)
Dialogue = "Bob: “What’s that?!? ANCIENT ROBOT BURGER GUARDS?!? BRACE YOURSELF!”"

[node name="BobTrigger4" parent="." unique_id=279886691 instance=ExtResource("7_w1y05")]
transform = Transform3D(1, 0, 0, 0, 1, 0, 0, 0, 1, -0.46511436, -2.469054, 1.3187494)
Dialogue = "This says the 'Old Sandwich Republic'  split into factions. The Confederacy of Independent Sandwiches? And the New Burg Republic, the nation humans have been at war with all along."

[node name="LevelTransitioner" type="Area3D" parent="." unique_id=1756059231]
transform = Transform3D(1, 0, 0, 0, 1, 0, 0, 0, 1, -4.5820208, -4.8460464, -0.10543513)
script = ExtResource("9_yy7in")
NextScene = "uid://dolltncdy5fm"

[node name="CollisionShape3D" type="CollisionShape3D" parent="LevelTransitioner" unique_id=1515660108]
transform = Transform3D(1, 0, 0, 0, 1, 0, 0, 0, 1, 0, -2.1940122, 0)
shape = SubResource("BoxShape3D_yy7in")

[editable path="Light2"]
[editable path="Light2/Cylinder2"]
[editable path="Light4"]
[editable path="Light4/Cylinder2"]
[editable path="Node3D"]
[editable path="BobTrigger2"]
